8969.453145288657
9108.853425042838
9546.107421816576
9242.077319906759
9125.13870632574
9180.144087832648
9143.0551503497
9147.305652184765
9170.455104781455
9154.551590581266
9147.29586786674
9142.523738524234
9179.978750756045
10033.186418561838
9591.717040368321
9583.883816616546
9160.02663827781
9189.817355946823
9247.098574109881
9190.314448877125
9222.681884587397
9265.37869496292
9526.39204683354
10265.393268256139
9139.59120235943
9334.118425294773
9360.76430028221
9358.252114448389
9354.721796289106
9428.34082759801
9334.516073015644
9129.54057193173
10128.728132924984
9380.521166309005
9127.759065788965
9075.564269609256
9119.53787322545
9083.18032487858
9423.24681976847
9369.33288577495
9368.98722495076
9367.585746503373
9368.884646646111
9931.334795565306
9816.16324132383
9189.306950893151
9128.96643784534
9292.22074954666
9725.537754746327
9509.44935686033
9593.088948935614
9543.454015285111
9568.463585787684
9501.737170894105
9579.068243883936
9689.286774022425
9481.534638752846
9870.29714233945
10045.748242569314
9106.374412908044
